37
28
7.00
50
37
29
13.00
91
37
26
4.00
170
37
30
22.00
42
38
28
8.00
281
38
29
15.00
11
38
30
24.00
192
39
28
12.00
26
39
29
22.00
211
39
30
34.00
10
40
28
12.00
62
40
29
22.00
18
40
30
34.00
76
41
28
12.00
82
41
29
22.00
149
41
30
34.00
110
42
25
6.00
30
42
26
12.00
103
42
28
16.00
31
42
29
38.00
10
42
30
58.00
29
43
26
5.00
29
43
28
9.00
21
43
29
17.00
91
43
30
27.00
129
44
28
10.00
55
44
29
19.00
39
44
30
30.00
119
44
28
10.00
33
44
29
19.00
189
44
30
30.00
93
45
26
6.00
67
45
28
12.00
38
45
29
23.00
129
45
30
36.00
137
46
26
6.00
28
46
28
10.00
65
46
29
19.00
12
46
30
30.00
73
47
26
5.00
34
47
28
8.00
38
47
30
24.00
20
48
26
15.00
39
48
28
25.00
124
48
29
49.00
100
48
30
75.00
34